1
4
1
1
1
1
3
1
1
1
1
1
1
9
17
1
1
8
1
1
4
1
11
17
4
4
2
1
1
1
1
2
5
1
1
1
3
9
12
1
1
2
1
2
1
1
1
1
1
1
2
1
1
2
1
6
1
1
1
1
7
1
3
1
5
1
5
1
3
1
5
1
11
1
7
5
1
5
9
3
1
1
15
1
1
258
599
788
806
818
809
625
2
1
1
15
3
2
1
7
1
17
1
1
1
8
4
1
1
7
1
12
4
1
1
3
20
7
1
1
1
17
2
1
3
3
3
1
5
11
1
17
2
15
8
2
2
1
1
3
1
1
1
7
1
1
1
1
1
7
5
4
1
1
1
1
1
1
2
1
2
3
1
4
3
15
1
1
1
1
15
1
1
17
2
1
1
1
1
1
17
3
1
2
1
1
1
1
1
1
15
1
1
3
1
2
1
51
155
266
303
294
279
326
358
363
384
386
375
388
405
401
415
420
412
405
417
407
421
420
422
430
437
454
476
493
489
497
498
502
506
536
550
548
467
365
344
298
267
204
201
195
200
202
206
198
148
125
128
135
114
101
106
1
1
1
1
1
1
6
5
1
1
1
7
1
1
3
7
3
1
1
1
1
1
1
145
248
269
332
341
349
359
362
396
435
443
453
480
500
507
532
540
546
577
585
591
628
643
649
538
4
1
17
1
